"WT_Dex_1"	"WT_Dex_2"	"WT_Dex_4"	"dQ_snf5_Dex_1"	"dQ_snf5_Dex_2"	"dQ_snf5_Dex_4"	"HtoA_snf5_Dex_1"	"HtoA_snf5_Dex_2"	"HtoA_snf5_Dex_4"	"Null_Dex_1"	"Null_Dex_2"	"Null_Dex_4"	"WT_Stv_pH5_1"	"WT_Stv_pH5_2"	"WT_Stv_pH5_4"	"WT_Stv_pH7_1"	"WT_Stv_pH7_2"	"WT_Stv_pH7_4"	"dQ_snf5_Stv_pH5_2"	"dQ_snf5_Stv_pH5_3"	"dQ_snf5_Stv_pH5_4"	"HtoA_snf5_Stv_pH5_2"	"HtoA_snf5_Stv_pH5_3"	"HtoA_snf5_Stv_pH5_4"	"Null_Stv_pH5_2"	"Null_Stv_pH5_3"	"Null_Stv_pH5_4"
"YGL158W"	3557.2977569927	5039.11642899852	4340.12127882556	576.086879557527	827.122232921127	590.059295111218	1265.55342087903	2045.53062123181	1991.21348921089	793.911206524818	1101.12297464372	871.808566069152	73.3025484606756	103.215092964423	72.2852469015757	336.868466775234	664.274367893106	329.851535489229	158.895302488039	83.6677558962316	129.114510243061	138.623491770703	39.2659435630019	62.4873183120171	842.280780673625	634.993227010382	568.318532645854
"YIL162W"	33672.8581300433	35023.3479715865	18218.1887800242	6690.86951393074	8188.01482314495	4842.55559436103	18527.3553547044	20088.1596905585	13006.8851842026	4388.18627881034	4346.81402847451	3709.18886582176	980.903839269831	1146.01519886688	1752.5156526582	3968.0891227186	4511.15092990421	3687.92341762263	4386.17241243024	3865.4503224059	3974.48144574294	2979.33873851803	3849.09578347848	2559.42954800445	3547.94066938513	3708.47016379281	2663.49841553384
"YHR092C"	13661.0591233002	11487.3288493524	12784.2412232168	3876.30551516228	3910.7527851169	3119.85374426621	13211.1641696009	11512.6659323175	8610.49966510276	2588.57164061914	3354.63814179818	2682.37593867354	283.565121676824	438.254561396556	374.276945068159	2997.0222748313	4479.30215884084	1698.73540776953	665.374079168663	219.627859227608	361.520628680572	645.13240400981	526.990295187658	241.022513489209	1839.14682367326	909.28835746843	794.696109716486
"YDR256C"	1895.55001437697	2205.16078696876	1382.33370941517	1911.35801899707	1885.04623862144	1360.33374439433	2410.61922155109	2258.13842847522	2115.9681179084	904.76152319248	1126.75758357723	1087.21368756871	68043.0906086222	77141.8136472432	65037.4461455777	21072.4669075738	15119.0666062246	27104.6336745622	12714.9345178449	7015.54133189902	26311.2917177926	52222.66835368	25609.6617175116	27998.144357966	53871.7105265965	50937.2914638857	33017.8819927425
"YJL089W"	111.950924914992	125.233515701562	102.424047473635	63.6375041371687	94.1037270988108	37.7870484553982	59.8104013977078	86.1670408211201	62.3773143487546	109.611765643442	161.96412007987	183.38544127665	4367.28867670973	4241.64882039508	2352.48320194128	1972.18299562778	1014.61084959015	1230.52947822787	519.720051887961	303.29561512384	341.311400990354	849.868638009617	292.427948113936	462.916256066575	1733.02613007649	1773.31801841128	2687.24431522656
"YMR303C"	578.793897519685	770.66778893269	756.061480206145	533.661876799415	605.235550077615	726.674008757657	1009.84228446854	849.494630703869	1568.34390362583	820.540053545541	696.795279192536	994.793246925318	239889.341388077	215586.839176118	149744.511142484	31287.6473155608	19939.6055978872	27211.8354235962	7405.18315970298	1677.53850571944	34525.2200389946	82768.8879326305	13084.8590352183	48918.6434785505	84350.0750851982	73514.5236518877	84885.2591615691
"YLR307C-A"	0.761570917789059	3.5030354042395	4.69117774688405	2.23289488200592	1.98113109681707	1.93779735668709	1.73363482312197	0.936598269794784	4.8605699492536	8.66985716953779	13.9825139637298	5.82176004052856	3760.61363747598	4105.66703125148	1063.39629886318	156.572667656095	100.096137627728	137.438139787179	6.62063760366829	16.7335511792463	33.6820461503639	53.3167276041165	13.4330859557638	17.8535195177192	959.264222433851	251.665782195259	1870.38536579687
"YMR011W"	85099.4574955851	87457.6576610944	109750.88525131	42475.2428929576	47345.0709517343	45752.3644900604	72937.4842783873	75228.5096281868	90206.5075932061	54021.88002339	51911.8309045924	48220.910695693	816.937612449898	1181.2393972595	2668.12878007816	6886.03429267309	10576.066905257	7246.65498384532	5660.64515113639	2518.39945247657	3919.46743703067	4103.25535641281	3266.30651585919	4379.21328741769	7488.61146467959	2227.9621971455	1101.01821575262
"YHR210C"	1130.17124199896	1343.41407752585	1009.38507853788	769.232286851039	784.52791433956	571.65022022269	1027.17863269976	974.99879885637	1040.97206413181	904.76152319248	1116.85330285292	1045.00592727488	126.350445373007	125.33261288537	131.719783242871	215.089725264938	384.460164979229	227.231057781469	211.860403317385	121.318246049536	214.44236049065	146.087833635279	141.564059687665	153.030167294736	398.579297997341	417.614336122379	512.119903373074
"YMR107W"	1194.90477001103	1416.10206216382	1053.95126713328	81.500663193216	131.745217938335	92.0453744426365	295.584737342295	275.359891319666	439.881580407451	146.768296370033	119.433973440192	169.558761180394	53679.6491391961	48991.1257923036	28326.9819219075	87849.9188918493	55805.8716396773	67213.6641357872	7905.04129877994	3878.00048579034	4276.49712622453	26650.8994601937	25430.8983428695	6593.04970761486	1035.303459578	1359.81810924577	564.360882697066
"YGR236C"	194.20058403621	232.951854381927	140.735332406521	119.459876187317	114.90560361539	67.822907484048	149.95941220005	159.221705865113	134.475768596016	138.098439200495	138.659930140321	196.484401367839	8401.82236369665	7170.99145881393	4250.37251781265	7449.06327939601	4263.1854980537	5711.0128352899	268.135822948566	96.2179192806664	481.653259950203	2071.88803469597	946.515902729205	786.830110173766	598.286745002297	774.883743543987	655.386831519174
"YFR015C"	54067.7273084343	52188.2214523601	40484.8639556093	15833.457608304	16261.1240426745	10311.9886336103	45353.6206076937	43995.7671253402	39027.1363125403	4242.65653346453	4064.83333020595	4194.57810920083	2629.24667241844	3280.76545494058	2827.15632326163	17468.1324672885	17073.2162021841	12603.9936727495	9397.99507840714	4911.2972711088	5559.78308455339	9923.30934167817	13193.3570371687	3543.92362426725	2107.37314370921	2559.85930499974	1614.72117910521
"YNL117W"	274.165530404061	248.715513701004	222.049080019178	324.886205331861	395.235653815005	231.566784124107	327.656981570051	295.965053255152	278.67267709054	205.599470020468	226.050642413632	267.073241859248	75465.9381474821	88829.6941743573	53827.6106899634	10504.6026118362	3180.32728189918	4676.56176982507	499.858139076956	179.885675176898	1513.44660702302	9348.55501810579	326.52732015549	3949.4535675983	6165.0273807639	3046.04742373663	13058.6617710185
"YGR287C"	2041.01005967468	3150.98034611343	1847.5421693145	793.794130553104	809.292053049773	631.72193827999	1314.96201333801	1346.8283119649	1518.92810914175	1683.81011742666	1900.45668957028	1656.29073153038	148.534111354527	153.184304637675	183.122625483992	202.437388484647	366.260867228733	114.531783155982	370.755705805424	225.902940919825	270.57910407459	194.072888478984	282.09480507104	159.40642426535	526.425487921016	621.27847048748	339.566365605949
"YIL119C"	1044.87529920659	940.565006038306	912.434071768947	245.618437020651	268.443263618713	193.779735668709	753.264330646494	631.267233841684	644.835613267645	159.773082124339	237.702737383407	229.231801595812	76.1960701104391	88.4700796837908	83.5296186418208	82.240189071888	218.391573005953	106.285494768752	89.3786076495219	135.960103331376	110.028017424522	135.424488114456	197.363032119299	235.921507912718	67.6832770184163	45.9444343517231	61.7393392010816
"YKL062W"	3395.08315150363	3201.7743594749	2954.66011757914	1330.80534967553	1153.01829834753	881.697797292624	3236.69621476871	3205.03927923775	2790.77724586311	1729.63650532279	2032.12536272873	1794.55753249293	334.684004155979	417.775376284568	477.0826295504	1448.69256134326	1833.57924836248	1192.96305335271	569.374833915473	458.080963531868	685.991006595744	820.011270551312	1100.47973406834	594.267149661224	922.497997880637	880.487368770335	733.748300505162
"YDR342C"	176823.820405017	168040.608341369	157337.410452744	49213.0031994105	44059.3650276632	32666.4189403525	107988.979949679	99581.001241121	130031.587472416	10125.773898508	12752.6353396701	14922.6264238848	3675.73700241625	4880.59939588913	7870.25704876156	11483.5771702111	19673.4408682862	10881.4356540836	9292.06487674844	4957.31453685173	24508.1795138764	14003.1053379452	15560.680108296	14894.9362833543	8768.74455594149	12549.6879562819	3728.10625175762
"YKL035W"	45429.228387953	41231.60246675	35695.1714760407	14612.0641078467	15524.1432746586	12509.4508360935	29701.4986071371	28973.6674761016	27330.1747296615	21160.6442487933	24498.5296739516	22455.9839163288	9744.41640918692	9703.85707346469	7496.78327310342	31951.894996526	27558.2866186886	26016.1236074477	7507.80304255984	6226.97273257704	7776.06172124733	11261.5592045415	9674.92183106282	6628.7567466503	11811.9852337325	9924.68355779834	9017.10964331695
"YNR014W"	13135.5751900257	10519.6153189312	7443.33535838935	6514.47081825227	5603.62930734708	4640.05577058723	8685.51046384104	7152.80098642277	7772.86144384806	4138.61824743008	3770.03532747065	6906.06284807701	516.975868091081	916.64832561261	1128.4530210746	5548.04967815737	6144.53790301123	3597.21424536309	1026.19882856858	652.608495990607	1096.91196963018	1761.58468004001	1140.77899193564	1026.57737226885	1815.75013532122	2237.56252671153	1560.8971398017
"YKR075C"	12619.9916786825	11165.9253510134	9237.7108465725	14164.3686840045	12726.7861659529	11428.1599110621	12938.9835023708	13016.8427536079	9219.69109874255	8119.94051478426	11896.7889641401	13738.6259756423	550.733620671655	723.324818155438	767.02678656672	2296.39912562272	5780.55194800131	2188.93143967714	1840.53725381978	495.731453685172	737.636810692968	1000.22180985323	495.990866058972	521.577820196224	5415.49775748588	2313.67942541364	2536.06208718289
"YPL223C"	635.911716353865	770.66778893269	501.174155958779	356.146733679944	338.773417555719	224.784493375702	420.406444607077	457.059955659855	584.078488901975	640.330879521577	582.022143740253	699.338924868494	13500.20751058	8863.39131646867	4542.72618305903	27599.4911441061	16197.3749979415	14923.9494723571	648.822485159492	359.771350353796	418.780107136191	1152.707650801	1093.24653393832	405.52994333105	878.211409214266	1291.93006445741	804.194469593576
"YMR175W"	178.969165680429	209.30636540331	148.553961984661	54.705924609145	60.4244984529206	43.6004405254594	57.2099491630249	58.0690927272766	75.3388342134309	95.3684288649157	80.3994552914464	110.613440770043	2582.95032602223	1558.87557072457	1554.13280838388	2883.15124380869	2218.03941334171	1195.71181614846	162.205621289873	156.877042305434	60.6276830706549	185.542212062326	143.630688296244	104.570614318069	203.049831055249	237.265287846212	208.172387306211
"YNL013C"	49.5021096562889	68.3091903826702	29.7107923969323	25.6782911430681	15.8490487745366	11.6267841401225	9.53499152717081	22.4783584750748	21.8725647716412	90.414224768037	83.8950837823789	66.2225204610124	842.97930729777	765.102355783895	443.349514329664	374.825477116105	316.212798414869	317.023975775759	43.0341444238439	23.0086328714637	80.8369107608732	145.021499083197	56.8322867359239	65.0378211002627	377.689397683014	240.693976976937	375.976745134792
"YAR035W"	1134.7406675057	1038.64999735701	1086.78951136147	266.830938399707	263.49043587667	297.451894251468	386.600565556198	363.400128680376	1015.04902440246	2275.21823149156	1673.82344240816	3721.56010590788	160177.642473175	185400.520321046	109016.593529906	82248.0967823757	40450.2141626963	55847.5299753875	2989.21787805623	422.52216727597	10041.7406922951	26208.3706210795	1021.94784694234	13796.9448330145	134575.244612926	158095.484342105	179918.724321819
"YER024W"	3005.92041251342	3285.84720917665	2677.09876755516	1387.74416916668	1623.53693384159	1042.53497789765	1594.07721986065	1816.06404513209	2444.05658948302	4375.18149305604	5462.50212183045	5490.6474382235	100010.717795209	89996.1885583362	64835.0474542533	47058.7851121929	20353.639621711	33782.2947596886	7216.49498799844	1213.18246049536	11606.8331034154	26006.833390736	3917.29452756159	11868.7647251009	61878.3915190714	70650.1967520795	66664.2387973525
"YOR100C"	937.493799798332	1199.78962595203	949.181630786205	296.975019306787	336.792286458902	248.038061655947	477.616393770101	580.690927272766	935.659715231319	844.691798517825	993.923700921794	1135.97092790814	29800.3794709144	33562.1077289314	23871.8012045404	10941.1082307562	6017.14281875776	9048.0108693226	1165.23221824562	261.461737175724	3185.19883095274	8859.1074587	1922.99792028281	4468.48088500628	4078.54413736901	5160.17714174204	3758.97592135816
"YDR384C"	1107.32411446529	1057.91669208033	1611.41955605467	1602.10207783925	1292.68804067314	2465.84713638432	1612.28038550343	1285.94942442824	1972.58130440542	587.073185480131	418.310209414917	564.710723931271	28699.8767367877	24199.0242957302	23507.1622923924	3340.21690999668	2468.27975741103	2920.10234334493	1605.50461888956	1656.62156674539	7926.50819405229	9219.52853730383	2113.12775227208	8722.71953579994	9837.47185602241	10704.3674661253	11840.4971167818
"YOR142W-A"	0	0	0	16.7467116150444	0	0	0	0	0	583.357532407472	365.293177302441	873.264006079285	2.89352164976351	69.6292293807613	0	196.111220094502	159.24385531684	1.83250853049572	470.065269860449	0	0	553.427632530729	0	0	2272.82115419867	3692.69819379148	660.927541447476
"YPR158W-A"	0	0	0	16.7467116150444	0	0	0	0	0	583.357532407472	365.293177302441	873.264006079285	2.89352164976351	69.6292293807613	0	196.111220094502	159.24385531684	1.83250853049572	470.065269860449	0	0	553.427632530729	0	0	2272.82115419867	3692.69819379148	660.927541447476
"YPL156C"	442.472703235444	470.282503019153	451.134926658682	414.202000612098	511.131822978804	389.497268694104	551.295873752785	632.203832111479	589.749153842771	286.724562106857	367.040991547908	323.835402254401	3539.74148487736	4032.7611322528	2276.98527739963	1652.71149192544	1289.87522806641	969.397012632235	489.927182671453	330.487635790115	520.948980458961	1598.43549357141	526.990295187658	904.153238433064	879.882601239412	933.974919209655	926.090088016224
"YNR073C"	1496.4868534555	2317.25791990443	1255.6719102493	395.222394115048	529.952568398566	309.07867839159	887.621029438446	1031.19469504406	929.989050290523	1699.91128074152	2002.41252055581	2214.45197541605	98.3797360919594	107.31092998682	123.688089142696	177.132714924067	291.188764007937	166.75827627511	175.44689649721	123.409939946942	453.584888158233	252.721288843512	250.062061638065	103.295362923947	991.8524669242	1580.6256892645	550.113342881432
"YAR035C-A"	0.761570917789059	0	1.56372591562802	0	0	0	0.866817411560983	0	3.24037996616907	1.85782653632953	2.33041899395497	0	295.139208275878	245.750221343863	218.462079524762	91.7294416571059	40.9484199386161	78.7978668113159	0	0	4.49093948671518	22.3930255937289	2.06662860857905	6.37625697061399	155.420858338586	100.117722617188	267.53713653802
"YNL202W"	594.025315875466	690.097974635181	461.299145110265	396.338841556051	440.801669041798	338.145638741896	465.480950008248	509.509458768362	490.107469883072	858.315859784242	759.71659202932	790.303925501753	8204.09838429614	10317.4134594199	6516.91659288206	5260.20901640576	2909.61272786056	5622.13617156086	3088.52744211126	796.935374911606	4661.59518721036	9859.32926855323	5883.69164862455	3749.23909872102	8455.3960512266	10528.8185826322	5459.18233935718
"YGL056C"	1378.4433611982	1384.57474352566	1440.1915682934	1634.47905362833	1674.05577681042	2373.80176194168	1429.38191166406	1428.31236143705	1519.73820413329	1607.63922943715	1504.28546059793	1608.98893120108	5509.26522114973	6136.38302695627	5455.12663283892	5067.26088050633	3851.42638644873	4558.3649696081	2962.73532764156	2779.8611896523	3792.59839653097	3808.94702003808	2913.94633809646	3814.27691982129	6687.27488862205	6685.94380491493	7392.09857434489
"YCR005C"	7579.91534475451	7599.83530949759	7049.27642765109	3276.77323934369	4859.71458049227	2912.50942710069	3097.13861150739	3715.48533627591	6713.25719491077	2200.90517003838	3005.65789745342	2271.21413581121	113796.419441899	123710.661424501	59448.1902212659	208474.134670944	118511.552039011	149310.962556261	24933.3212154148	7141.04296574337	16911.7553720977	39247.5095239423	23891.2600294781	12369.9385229911	66515.1137928392	85405.9032950702	51027.563849694
"YIL057C"	1378.4433611982	2334.77309692563	1261.14495095399	285.810544896758	352.641335233438	202.4998237738	1008.10864964542	1043.37047255139	1837.29544081786	508.425195442181	781.855572471892	620.745164321358	67901.3080477837	71955.6648094832	45229.6821557259	29699.7790496343	20087.47489211	31779.3629358567	3439.42123510568	395.330146609695	12342.224444365	27857.9901731509	7052.37012677601	14435.8457814701	36341.7417788267	41830.6931326785	36719.8677548382
"YAL054C"	3971.59233626995	4849.07675831853	4651.30273603553	1799.71327489677	1980.14053126866	1561.86466948979	4559.45958481077	4752.29962093873	6197.22668529835	3436.35981669752	3866.74771571978	4665.41295247858	201564.647136959	174517.881352536	143478.986574938	44811.4137915938	24164.1175882211	36704.229611564	8471.10581389358	1127.42301070172	35037.1871404802	65911.2049987609	10732.002364351	44752.3971739513	222575.203081043	176838.070606304	228547.952302547
"YER065C"	2611.42667709869	2741.12520381741	2291.64032935286	3083.62783205017	3252.02669542522	2490.0696033429	3046.86320163685	3013.97323219961	2785.91667591386	2235.58459871653	2326.92336546404	2736.22721904843	154903.717012873	165336.653083129	120595.083744719	28709.7336965766	12043.3852863908	14409.0145752878	5078.02904201358	849.227722346751	11932.4262162022	38180.1086373078	1746.3011742493	18590.6148235221	35552.1035469452	30434.4161999728	70283.9054405134
"YPR001W"	890.276402895411	1261.09274552622	967.164478815928	592.833591172572	706.273236015285	551.303347977476	849.481063329763	1042.43387428159	1218.38286727957	530.099838366025	725.342911868484	586.542324083253	21114.0274783243	15496.1897905395	13215.3494724281	5419.94476825693	3321.37183946553	4918.45289585051	1400.26485317584	397.4218405071	3611.83808219068	6273.24616990035	2725.88313471577	3383.24194860778	10433.251812987	10239.4372199989	7997.61901650934
"YDR344C"	181.253878433796	170.772975956676	165.75494705657	228.871725405607	246.650821553725	225.753392054045	172.496664900636	179.826867800599	230.877072589546	277.435429425209	303.537073962635	329.65716229493	26.0416948478716	16.3833480895909	40.1584705008754	26.8862156581172	45.4982443762401	39.3989334056579	102.619882856858	85.7594497936374	59.5049481989761	42.6533820832932	37.1993149544229	30.6060334589471	65.1764889806972	98.7462469648974	91.817478811865
"YJR095W"	242.94112277471	267.982208424322	232.995161428574	85.9664529572279	121.83956245425	80.418590302514	149.092594788489	169.524286832856	290.014006972132	505.948093393741	478.901103257746	668.046964650653	34741.5499414939	37385.9811730419	27014.6031059389	7901.3843192914	2215.76450112289	3829.94282873605	781.235237232858	106.676388767695	4970.34727692203	8530.67641665864	180.830003250667	6029.38859141258	15068.3028947296	21541.7680705228	26729.9677541093
"YKR097W"	449.326841495545	711.991945911678	684.130088087257	282.461202573749	403.160178202274	284.856211433002	358.862408386247	455.186759120265	900.015535603459	1241.02812626812	1402.3296296124	1047.18908729008	16091.8384015515	22477.9535789187	17813.4943447783	4442.55175197949	1626.56223645058	3073.11680564132	605.788340735648	267.736818867941	1903.03560749556	5923.48843681735	517.690466449052	3096.31038493015	6052.22191906654	5092.97483477981	9696.24237452884
"YDL085W"	1174.34235523073	1215.55328527111	967.164478815928	609.580302787616	678.537400659846	431.159911862877	665.715772078835	754.898205454596	809.284896550725	714.643940974758	838.950837823789	903.828246292059	19706.8114493227	15694.4283024236	12928.6179930518	5954.5059972242	3389.61920602989	4553.78369828186	599.16770313198	213.352777535391	1407.90952908521	3823.87570376724	950.649159946363	2105.44005169674	4010.8608603506	5238.35125392258	4727.01709883153
"YGR249W"	3225.25283683667	2663.18266607308	2299.458958931	1152.17375911505	998.490072795803	1064.81964749955	2350.80882015338	1816.06404513209	1456.550794793	1689.38359703565	2055.42955266828	1699.95393183434	518.904882524256	437.435393992077	549.367876451975	177.132714924067	325.312447290117	191.497141436802	400.548575021931	374.413207635637	276.192778432984	335.895383905934	209.762803770774	294.583072042366	565.698500511949	795.45587832834	566.735472666339
"YMR096W"	263.503537555015	256.597343360543	258.796639036437	240.036199815636	330.848893168451	340.083436098583	241.842057825514	250.071738035207	340.239896447752	358.560521511599	318.102192674853	355.127362472242	1549.96309705665	1105.05682864291	1029.66318364245	594.659828673652	418.583848261409	467.289675276408	751.442368016351	784.385211527172	735.391340949611	681.387778780609	517.690466449052	661.855473549732	1209.10743019319	1201.41267140625	1625.01106897206
"YNL014W"	504.921518494147	627.91909620993	476.154541308731	277.995412809737	271.414960263939	293.576299538094	343.259694978149	398.054264662783	435.83110544974	609.367103916085	887.307031948355	633.844124412548	3847.41928696888	3384.79971530948	2651.26222246779	4094.6124905215	2600.22466610212	2972.32883646405	824.269381656702	309.570696816057	605.154095834871	1222.01939668635	766.719213782828	623.597931726048	1818.25692335894	1941.32378581684	1755.61351728204
"YCL027W"	1622.90762580849	1826.8329633109	1418.29940547461	675.450701806791	677.546835111438	498.982819346925	1583.67541092192	1470.45928357781	2051.16051858502	720.836696095856	820.307485872149	709.527004939419	341.435554672094	452.999574677188	343.756507487493	664.24768096525	878.116116461434	745.830971911757	215.170722119219	265.645124970535	255.983550742765	404.140795239203	368.89320663136	431.034971213506	306.663736614306	362.755310030769	280.993146363897
"YGR239C"	241.417980939132	311.770150977315	346.365290311605	407.50331596608	402.169612653865	447.631189394717	277.381571699514	260.37431900295	378.314361050239	509.6637464664	424.136256899804	475.92888331321	1198.88247021868	1092.76931757571	1043.31706361274	668.992307257858	584.652440234686	712.845818362834	612.408978339317	916.161927063736	726.40946197618	591.815676405693	614.822011052267	652.928713790872	1300.18739556365	1398.2194275099	1628.96871892085
"YEL070W"	1609.19934928828	2868.11023722109	1317.4390839166	389.640156910033	520.046912914481	383.683876624043	871.151498618788	843.875041085101	1065.27491387808	1215.63783027162	1570.11979717716	1794.55753249293	184.220878368277	194.961842266132	198.382844274325	1379.10470905166	941.813658588171	985.889589406696	337.652517787083	115.043164357319	531.05359430407	370.018089572569	357.526749284176	283.105809495261	1272.61272714874	1918.69443755405	988.620957207063
"YBL043W"	194.962154953999	155.009316637598	139.171606490893	74.8019785471983	120.848996905841	51.3516299522078	110.952628679806	118.011381994143	105.312348900495	204.360918996248	223.137618671188	339.117522360789	5484.18803351844	8334.20917317489	3850.39415162393	1388.59396163688	1260.30136922185	786.146159582663	195.308809308215	46.0172657429274	839.805684015739	1187.89669101972	86.7984015603201	863.345193821134	2012.11519827588	2505.00027890813	3391.7060061107
"YEL039C"	5888.46633634501	5370.15327469915	3235.34891943436	443.229634078175	596.320460141938	345.896828168645	1402.51057190567	1218.51434900301	1403.89462034275	2101.2018125887	1687.2233516234	2054.35357430152	420.525146432297	691.377289380736	395.159349728614	2701.27390259201	2543.35186063182	2211.83779630833	1151.99094303828	529.198556043665	808.369107608733	1229.48373855093	1711.16848790345	368.547652901489	925.840381930929	1101.29494878906	663.302131416749
"YGL205W"	856.767282512692	882.764921868354	627.054092166834	468.907925221243	710.235498208919	370.119295127233	1027.17863269976	901.007535542582	951.051520070622	678.725961272387	875.654936978579	751.007045228185	11680.1823928787	15966.3918807108	14366.2912369832	8616.24134737781	5971.64457438152	8308.59367726758	4929.06469593104	614.958005837303	10774.8865635014	23207.7051915198	8246.8814625347	11400.7474634578	6581.15419502527	5646.36526047893	4556.83815103368
"YML042W"	2322.79129925663	2556.34008624378	1985.93191284758	484.538189395284	522.028044011298	454.413480143122	943.097343778349	1010.58953310857	1301.82265140842	1805.18811780019	2635.12127741458	2014.32897402288	39701.0460491886	32386.6025035033	30474.6569242943	16829.1894598839	7780.19978833706	14696.7184145757	2750.87492432418	650.516802093201	6561.26259009088	13905.0025591536	4204.55590415408	8685.73724537037	15799.4494057311	15145.8913660673	14048.0742582153
"YPR160W"	22093.9338959784	17074.6703191144	20306.5447403454	1499.38891326697	1442.26343848283	1255.69268713323	8715.84907324568	7831.83473202398	7494.99886174906	1599.58864777972	2386.93165455838	2135.85821486892	2757.52613222463	2654.9215579182	2403.8860441824	8967.34369303087	7959.91785362321	5233.64436309577	5279.95848892546	3840.34999563703	2201.68308336212	3967.83086829835	6747.5424070106	1818.50848801911	1428.03358548733	1607.36946448416	1328.97885280277
"YLR377C"	725.777084652974	794.313277911306	577.014862866738	789.328340789093	839.009019502029	667.571189378701	782.736122639567	723.990462551368	757.43881709202	462.598807546052	549.396277824884	672.413284681049	18474.1712265234	15411.8155478781	15754.9711469034	3297.5152733632	1728.93328629712	2395.0886493579	715.028861196175	276.103594457564	2356.62049565379	5914.95776040069	386.459549804282	4556.47323120076	3172.75805973984	3117.36415765572	5416.43971991028
"YBR050C"	1813.30035525575	2255.95480033024	1456.6106904075	1467.01193747789	1773.11233165128	957.27189420342	1534.26681846294	1985.58833196494	1628.29093299996	865.74716592956	984.019420197485	965.684446722675	16214.3308180581	15071.8610750191	10133.5884461909	4567.49357768486	3168.95272080512	3929.81454364807	1201.64572506579	673.525434964665	1570.70608547863	3728.97192863191	1040.54750441955	2005.97044295516	4209.73271134298	3449.26126550996	5438.60255962348
"YBR114W"	1945.81369495105	1935.42706084232	2071.93683820712	1299.54482132745	1136.17868402459	1279.91515409182	1861.05698262143	1965.91976829925	1906.15351509896	1468.30223921244	1767.62280691484	1709.4142919002	347.222597971621	391.562019341222	669.843287954602	1004.27923193556	1212.5282126268	1195.71181614846	721.649498799844	981.004437883316	703.954764542604	545.963290666153	989.915103509365	872.271953579994	781.282271755793	992.26263443199	762.243380136431
"YNL270C"	338.137487498342	412.482418849201	487.100622718127	173.049353355459	148.58483226128	138.552511003127	316.388355219759	328.745992697969	655.366848157694	239.659623186509	237.702737383407	313.647322183476	5175.54572421033	2419.0013454281	3886.53677507472	1091.26404730005	730.246822238654	875.022823311705	92.6889264513561	98.3096131780722	215.565095362329	421.202148072521	139.497431079086	548.358099472803	387.716549833891	565.733706569725	525.575913198951
"YDR203W"	0	34.1545951913351	61.7671736673066	10.0480269690266	0	17.4401762101838	0	31.8443411730226	42.1249395601979	6.19275512109842	22.1389804425722	10.188080070925	0	0	0	0	0	88.8766637290423	0	0	38.172985637079	7.46434186457631	0	0	4.1779800628652	0	0
"YOR084W"	1602.34521102818	1584.24776156731	1240.03465109302	1263.81850321535	1036.13156363533	1011.53022019066	1602.74539397626	1321.54015868044	1671.2259675517	1436.09991258272	1161.13126373806	1676.66689167223	16720.6971067667	22251.0442078779	17564.5118276729	6261.32516414625	5057.12986241909	6578.70562447963	2012.67383151516	805.30215050123	6120.02778552111	12340.6897712488	2551.25301729084	6960.32210912223	10842.6938591478	12077.900331894	9099.42876225172
"YLL024C"	28019.7172072951	26631.8266607308	19519.2087418267	86616.2253678916	81034.2052531086	76658.2945318628	65972.6063764948	77688.9532829378	45811.6818667068	8642.60904700496	13001.4075672748	14225.4706590315	1578.89831355429	1969.27844036883	4267.23907542302	87781.9125816553	129654.072086753	38058.4534156003	15853.1167419837	21431.4956728197	19441.27703799	6794.68376586861	19479.0079501618	18516.650242663	2877.79266730155	2253.33449671287	3857.12564008809
"YPL134C"	1034.21330635754	1072.80459254835	888.978183034527	716.7592571239	728.065678080273	629.784140923303	831.277897686982	718.370872932599	857.890596043261	1964.34192441242	1494.38117987362	1996.8636939013	4946.95751387902	4367.80060068493	3754.01382242183	1592.61289221906	1285.32540362878	1151.73161141656	926.889264513561	903.611763679302	1487.6237049744	1834.09542958161	1073.61356215682	1358.14273474078	3196.15474809188	2953.47281720704	3539.72211419535
"YOR178C"	4002.8167438993	3226.29560730458	3376.08425184089	1067.32375359883	1279.81068854383	903.982466894525	2206.91712983426	2761.09169935502	1718.21147706115	804.438890230685	1246.19155701742	970.778486758138	735.91900625652	934.67000851116	550.97421527201	1453.43718763587	1656.13609529514	1269.92841163353	1009.64723455941	380.688289327854	601.785891219834	1406.49527419659	750.186184914195	637.625697061399	1063.71372400548	887.344747031786	648.263061611357
"YHR096C"	4506.97669147565	4244.80315108721	2429.24820992812	1426.81982960178	1438.30117628919	1145.23823780207	2307.46794957534	2336.81268313799	2056.02108853427	2167.46429238445	2734.74668940616	2470.60941719931	32422.8745928167	35837.7547785756	16871.3766268278	64854.2967936714	32879.3062984899	44660.9816509764	1052.68137898326	548.023801120317	1069.96633270989	6915.17957025391	1545.83819921713	2211.28591740893	7134.31875534862	6245.01438270362	9121.59160196493
"YML043C"	48.7405387384998	32.4030774892154	51.6029552157245	65.8703990191746	65.3773261949633	148.241497786562	38.1399661086832	37.4639307917914	41.3148445686556	18.5782653632953	25.6346089335046	35.6582802482375	336.613018589155	251.48439317522	428.089295539332	419.108655847122	443.607882668341	425.141979075007	102.619882856858	345.129493071955	249.247141512692	102.368116999904	168.430231599193	365.997150113243	279.089068199396	222.179055671019	363.312265298673
"YHR094C"	11649.7503294192	10769.2065914833	10115.7429481976	8673.68016915199	5883.9593575467	19181.2871351671	6840.92301203927	4690.48413513228	6624.14674584112	2530.35974248082	4250.10164022537	3275.46774280238	198.688486617094	189.227670434775	2155.70669648699	657.921512575104	1585.61381651197	868.60904345497	1684.95227013358	6026.17011842608	4181.06466213183	615.275036551505	2663.8842764584	5321.62406767443	123.66820986081	98.0605091387523	256.455716681416
"YKR009C"	2166.66926110987	2293.61243092581	1903.05443931929	1136.54349494101	1210.47110015523	1051.25506600274	2238.12255665046	2141.06364475088	2254.49436146213	2040.51281240193	2468.4963193468	2015.78441403302	22755.6187609568	23260.2584501967	24896.6453717227	15193.8749310313	9140.59729518664	14969.7621856195	5809.60949721892	1328.22562485268	14299.1513257011	25381.9613432157	8703.60638503067	15064.5447187726	18322.9493637016	17833.9836445562	9303.64349960914
"YJL037W"	41.1248295606092	53.4212899146524	63.3308995829346	40.1921078761065	38.6320563879329	36.8181497770546	30.3386094046344	38.4005290615861	54.2763644333319	124.474377934078	128.755649416012	203.7616014185	272.955542294358	267.867741264811	226.493773624937	139.175704583195	113.7456109406	184.16710731482	115.861158064195	96.2179192806664	115.641691782916	167.414524676926	121.931087906164	114.772625471052	367.662245532138	535.561242219339	406.846414735333
"YCR010C"	5008.85192629864	6022.59361873876	4753.72678350917	861.897424454285	1234.24467331703	822.594977913668	2863.09791038593	3042.07118029346	4719.61342072525	3293.92644891225	4794.25447531386	4295.73118990501	121877.060902472	119591.887714778	68107.9628000747	49442.1690531801	26641.4969945074	38773.1317424936	7007.94490348288	537.565331633288	21657.555674684	48966.0826316206	10556.3389326218	23456.9741434947	133472.25787633	103226.85792093	118746.912123393
"YOR360C"	1499.53313712666	1130.6046767183	1167.32139601631	1024.89875084072	1202.54657576796	1209.18555057274	1282.88976911025	1446.10772856315	1064.46481888654	1024.28169702968	1429.12944804288	956.951806661883	271.026527861182	357.156988353081	261.03005825569	515.582723796837	834.892784304006	601.062798002596	357.514430598088	370.229819840825	578.208458914579	471.31987202039	432.958693497311	496.072792313768	503.028799568971	467.673197430973	399.722644827515
"YBR105C"	4539.72424094058	5761.61748112292	4946.06507113141	5456.07864418146	5651.17645367069	4147.85524198871	4584.59728974604	5554.96433815286	5363.63893900135	4350.41047257164	4682.97696835251	4486.39383123232	597.994474284459	1014.12924674568	1016.81247308217	3438.27252004393	4772.76583506759	3882.16932185518	2145.08658358853	1734.0142409494	1257.46305628025	1525.92474402981	1737.00134551069	831.463908968064	1334.44683207915	2472.77060107931	1013.15838688954
"YGR052W"	3979.96961636563	2398.703493053	2312.75062921383	1803.06261721978	1909.81037733165	1138.45594705366	2661.12945349222	2361.16423815265	1092.81814359052	528.861287341805	734.664587844304	692.789444822899	348.187105188209	335.858635836613	431.301973179402	1116.56872086063	1378.59680460008	779.732379725928	139.033389677034	87.8511436910432	130.23724511474	347.62506397884	60.965543953082	269.07804415991	510.549163682128	499.902875259793	296.823746159046
"YMR058W"	13091.4040767939	15627.0409383124	12363.5989519129	4798.49110143072	4612.07319339014	5561.47841369194	7193.71769854459	7503.08873932602	15864.0902193722	2775.59284527631	2511.02646598648	1764.72101228522	2177.85729505534	2159.32527820808	2311.52156203039	4817.3772290956	3935.59813854477	2621.40345287412	2479.42878257377	2618.80075955205	3593.87432424382	1640.02254110262	2054.22883692758	4491.43541010049	841.445184661052	1024.49231226081	1365.38923233161
"YFR053C"	128477.013831014	127656.740442445	101608.564408635	24056.0930112908	22594.8001591987	16857.8681044993	60717.0924102006	53529.4009135813	74197.4103703478	19421.0993352768	21427.6200446674	28488.7827583265	11579.8736423536	17256.5805427661	17492.2265807713	107737.810768368	83630.322987967	84532.7022575022	88398.753284179	59473.1325849389	72697.082941202	58262.3872566744	121021.771318389	25918.2093341517	11838.7243061348	15881.0023156949	5329.37142103695
"YGL253W"	29801.0315840037	32705.214292831	35471.5586701059	33402.9909873675	31507.9089637787	40220.9219353971	34728.1727767792	33065.6653168351	37150.1462171368	15508.5166497668	16827.3729506003	14801.0971830388	2098.76770329513	2313.32875025023	9098.30307667833	5155.82723796837	7313.8427834806	3707.16475719284	28190.6749164196	35033.7810876496	25374.9308348124	12302.3017273738	13115.8584643469	25066.3414028777	2846.04001882378	2269.10646671421	1459.58130111275
"YLR174W"	1296.19370207698	1485.28701139755	1186.86796996166	362.845418325962	347.688507491396	238.349074872512	643.178519378249	634.077028651069	1280.76018162832	1842.34464852678	1812.48337254848	1816.38913264491	40775.5070884674	35605.1112357034	27414.5814721276	4823.70339748574	2748.0939603249	3522.08139561277	536.271645897131	184.06906297171	2947.17903815684	7546.44962508665	401.959264368625	5313.9725593097	5778.98202295515	4735.01968953206	8065.69059562848
"YLR136C"	926.831806949285	2630.77958858386	1752.93675141901	617.395434874637	946.980664278559	795.465814920049	558.230413045273	1092.07358258072	2918.77225452679	268.146296743562	329.171682896139	261.251481818719	198.688486617094	226.090203636354	220.871587754815	471.29954506582	545.978932514882	281.290059431093	513.099414284292	443.439106250028	483.898729693561	279.379652645571	209.762803770774	400.428937754558	131.188573973967	161.148389144103	153.556818012947
"YJL088W"	554.423628150435	591.137224465416	387.804027075748	436.530949432157	800.376963114096	420.502026401098	553.896325987468	644.379609618812	252.749637361187	437.208511549549	1131.41842156514	471.562563282814	5420.53055722365	4302.26720832657	3282.55337874156	1227.27666768818	3255.39938511998	982.224572345705	380.686662210927	460.172657429274	426.639251237942	542.764287009906	167.396917294903	456.539999095962	2068.10013111828	1400.27664098834	3570.59178379589
"YMR174C"	647.335280120701	629.67061391205	340.892249606907	131.740798038349	118.867865809024	111.423348009507	178.564386781562	180.763466070393	186.321848054721	328.216021418216	264.502555813889	339.117522360789	5139.85895719658	4697.10589728571	1979.00942628314	3248.48746833958	2324.96028762587	2480.30029602595	1708.12450174642	1388.88474787745	829.701070170629	1436.3526416549	1651.23625825466	469.292513037189	589.930784876567	1003.92017747646	397.348054858243
"YPR002W"	833.158584061231	1105.20767003756	1028.93165248323	607.34740790561	819.197708533858	558.085638725881	1155.46760961079	1262.53446768337	1302.63274639997	357.941245999489	461.422960803084	395.879682755942	10579.679658752	8406.29590476909	7230.13102897761	5209.5996692846	2886.86360567244	4404.43425304646	1360.54102755383	328.395941892709	2993.21116789567	5493.75561232817	2253.65849765545	2746.89150294051	3207.8530922679	2428.19764237987	2210.74326139258
"YKL110C"	1444.70003104585	1395.08384973838	1145.42923319752	727.92373153393	536.886527237426	867.164317117471	1392.9755803785	1255.04168152501	1140.61374809151	354.22559292683	342.57159211138	416.983562902858	181.327356718513	205.611018524366	352.591370997686	173.969630728994	291.188764007937	199.743429824033	549.512921104468	916.161927063736	698.341090184211	266.583638020583	408.159150194362	907.978992615432	324.21125287834	314.067924374465	360.146145339643
"YDR536W"	673.228691325529	989.607501697659	485.536896802499	293.625676983778	324.905499877999	267.416035222818	526.158168817516	645.316207888606	530.612219460185	474.984317788249	585.517772231186	537.05736373876	11685.0049289616	5571.15751786538	7580.31289174524	2120.84795279619	1207.97838818918	755.909768829483	235.032634930224	138.051797228782	555.753761481004	3445.32693777801	221.129261117958	1665.47832072437	793.816211944389	866.772612247433	844.562499071206
"YOL136C"	611.541446984615	554.355352720901	668.492828930977	672.101359483782	768.678865565023	730.549603471031	840.812889214153	947.837449032321	737.996537295006	494.181858663654	588.43079597363	427.171642973783	29.899723714223	34.4050309881409	179.909947843922	457.065666187993	791.669452146578	481.033489255126	393.927937418263	359.771350353796	480.530525078524	206.868903103972	565.22292444637	396.60318357219	84.3951972698771	126.861497836847	74.4038190372009
"YOL147C"	659.520414805326	777.673859741169	647.382529069998	809.424394727146	913.301435632669	786.745726814957	834.745167333226	799.854922404745	815.765656483063	705.35480829311	783.02078196887	764.83372532444	3809.80350552196	4407.93980350443	2873.74014904264	1695.41312855892	1476.41803000899	1973.61168734389	1403.57517197768	746.734721373867	2287.01093360971	3333.36180980936	1346.40853848925	1817.23323662499	4300.81267671344	4721.9906708353	3470.06747509669
"YER067C-A"	7390.28418622503	6723.20069958666	5273.66565045548	840.684923075229	1215.42392789727	708.26493386913	2920.30785954895	3086.09129897381	2093.28545814522	453.309674864405	718.351654886619	326.0185622696	1140.04753000682	887.977466455826	550.171045861993	3379.75546243509	2986.95974330016	3871.1742706722	1727.98641455742	2307.13836883859	1592.03804804053	1647.4868829672	3160.90845682166	438.686479578242	401.921682047633	291.438576111676	267.53713653802
"YIL160C"	5860.28821238681	6534.03678775773	3276.00579324069	1445.79943609883	1580.94261526002	883.635594649311	3968.29011012618	3496.32134114393	3940.30203886159	1899.31799564089	2121.846493996	2087.10097452949	49048.0854851413	71901.5997607875	45688.2918888459	43395.9336142988	27110.1289115827	45662.4475628923	10698.950367528	1518.5697695166	22964.4190653181	49902.3243683489	17250.1489958093	23556.4437522363	32365.1403549916	37974.7893362645	19439.9765484431
"YDR134C"	25094.5233120673	22521.8903727068	19419.9121461843	13062.4350597346	14774.2851545133	10903.9857260782	18889.6850327369	16901.8523767167	16534.8488723692	3939.21153253071	4706.28115829206	6336.25808411028	2459.49340229898	3426.57725293794	3773.28988826225	5861.19501346956	6772.41367540334	7082.64547036595	17984.9620503649	16413.5220129432	9716.14757950829	13173.4970564251	30589.2033498828	5427.46993338663	2043.86784675366	2184.76071409836	1147.71848514831
"YDR516C"	35839.5273911531	35945.5220417526	26706.8749130109	19018.6821574854	18978.2453419591	12661.5679285934	24537.8672864683	22979.438549415	20165.6946244617	16396.5577341323	17498.5336208594	20900.8462655026	5587.39030569334	7827.96371720653	4903.34924815689	34561.439457461	35313.4623726188	20121.8599191082	20202.8756475938	10355.9764860561	8387.95222631228	12868.5253745296	14652.3968348255	4250.41289661128	7950.69605963248	9170.3719490387	6052.03830168551
"YDR275W"	226.94813350114	185.660876424693	184.519658044106	231.104620287613	239.716862714865	270.322731257848	231.440248886782	225.720183020543	256.800112318899	354.84486843894	332.084706638583	291.815722031494	811.150569150371	711.856474492724	591.132685772886	472.881087163356	534.604371420822	373.831740221126	215.170722119219	171.518899587275	290.788331764808	332.696380249687	289.328005201067	304.785083195349	543.97300418505	595.90617092011	721.8753506588
"YER028C"	1511.71827181128	1367.05956650447	1876.47109875362	2072.12645050149	1626.50863048681	2420.30889850217	1258.61888158655	1049.92666043995	1913.44437002284	980.313135669881	902.454755409062	1286.60896895681	278.742585593885	273.601913096168	442.546344919647	240.394398825519	527.779634764385	376.58050301687	642.201847555824	926.620396550765	500.739752768743	384.946773301721	562.122981533502	408.080446119295	306.663736614306	243.436928281518	544.57263295313
"YKL217W"	2829.99753050414	3371.67157658052	2355.7530918936	1081.83757033187	1110.42397976597	855.537532977348	2928.97603366456	3106.6964609093	3242.00015615215	2921.12259062213	3311.52539041001	2825.00905966649	33167.4741640225	26840.8391751768	28339.8326324678	58086.8781583135	27130.603121552	36377.1268388705	7223.1156256021	817.852313885664	15699.2017106846	28906.1970378478	7636.19270869959	15473.900416286	29958.6238387812	26880.2370470626	25494.3894400979
"YLR284C"	1238.31431232501	1295.24734071756	1125.88265925217	873.061898864314	1030.18817034488	678.22907484048	1211.81074136225	1091.13698431092	1227.29391218654	884.944706804965	1069.07971347684	899.461926261663	8678.63593485736	11827.1389858757	8482.2721391949	4119.91716408208	3093.88061758433	5237.30938015676	2896.52895160488	545.932107222911	5139.88024254552	10721.9939211878	4898.94311663664	4875.28607973146	5240.85819085811	5483.15965785639	3002.27325115003
"YLR164W"	489.690100138365	396.718759530123	328.382442281883	284.694097455755	272.405525812347	222.846696019015	400.469644141174	417.722828328474	375.884076075612	373.423133802235	409.571138187586	343.483842391185	2398.72944765395	2281.38122147553	1058.57728240308	1301.60914627238	1069.20874284164	1059.18993062652	291.308054561405	140.143491126188	386.220795857505	897.853692853322	621.021896878004	377.474412660348	669.312406071006	673.394545274509	605.520442164454
"YKL178C"	3712.65822422167	2892.63148505077	4559.82476997129	2250.75804106197	2329.81016985687	3476.40845789663	3669.23810313764	3604.03014217033	3601.68233239692	733.841481850163	887.307031948354	783.754445456158	658.758428929493	495.596279710124	983.07935786143	876.174322035115	871.291379804998	821.880075927329	645.512166357658	997.737989062562	1452.81892395236	681.387778780609	941.349331207757	2352.83882215656	309.170524652025	302.410381329998	190.758727531547
"YOR235W"	4.56942550673436	1.75151770211975	3.90931478907004	5.5822372050148	4.95282774204267	5.81339207006126	4.33408705780491	5.6195896187687	7.29085492388041	9.90840819375748	7.57386173035365	9.46036006585892	48.2253608293919	36.8625332015795	28.9140987606303	17.3969630728994	29.5738588445561	5.49752559148715	6.62063760366829	2.09169389740579	5.61367435839397	19.1940219374819	14.4664002600533	7.65150836473679	46.7933767040903	43.2014830471426	42.7426194469027
"YJL222W-B"	0	0	7.81862957814008	3.34934232300888	0	1.93779735668709	0	0	0	1.23855102421968	0	5.09404003546249	0	0	0	0	0	0.916254265247859	0	0	0	2.13266910416466	0	3.82575418236839	2.50678803771912	0	0
"YGL157W"	1720.38870328549	1863.61483505541	1844.41471748324	1502.73825558998	1798.8670359099	2056.97189412334	1550.7363492826	1760.80474721419	1671.2259675517	1494.93108623316	2036.78620071664	1347.0097293773	226.659195898142	267.048573860332	603.983396333166	390.640898091468	712.047524488158	515.851151334545	1277.78305750798	2114.70253027725	1360.7546644747	581.15233088487	1092.21321963403	1154.10251168113	353.457113318396	232.465123063196	457.50433407981
"YBR068C"	12546.8808705748	10357.5999314851	9518.39964842773	8485.00055162249	7396.55294996653	7834.51471308588	9386.76574979388	8449.05299181875	6902.81942293166	1750.69187273452	1757.13592144205	2022.33389407861	2527.00890746013	2669.66657119884	3357.24813387318	11744.5316163046	13763.2189238126	10958.4010123644	5041.6155351934	3752.49885194599	5439.65045328376	3214.99867452823	2638.05141885116	4861.2583143961	1911.00808075454	1780.86113449888	2626.29650601524
"YJL218W"	92.1500810524762	112.097132935664	130.571113954939	71.4526362241894	107.97164477653	78.480792945827	78.0135670404884	72.1180667741984	112.603203824375	233.466868065411	198.668219234661	152.821201063875	12.5385938156419	19.6600177075091	19.2760658404202	7.90771048768154	43.2233321574281	21.0738481007008	99.3095640550244	89.942837588449	59.5049481989761	69.3117458853515	39.2659435630019	68.8635752826311	20.889900314326	41.1442695687073	48.2833293752049
"YNL240C"	788.225899911677	723.376810975457	817.828653873452	1106.39941403393	1062.87683344236	1456.25471355034	790.537479343616	647.189404428196	869.231925924853	873.797747586988	622.221871385977	978.055686808799	2743.05852397581	2644.27238165997	2391.83850303214	2141.40800006416	2117.94327571398	2467.47273631248	1423.43708478868	2922.09637467589	1800.86673417279	1461.94467090487	1661.56940129756	1648.90005260078	2903.69614369132	3273.02664419066	3280.89180754466
"YAL040C"	2906.15462228305	2416.21867007419	2158.72362652448	2512.00674225666	2772.59296999549	2342.79700423469	2466.96235330256	2661.81228275678	2344.41490552332	1872.06987310805	2202.24594928745	2004.14089395196	499.6147381925	526.724641080347	696.34787848518	1426.55097197775	1455.94382003968	1133.4065261116	380.686662210927	493.639759787767	935.238148108436	769.893546603442	446.391779453075	907.978992615432	252.349995797058	262.637587413581	327.693415759587
"YOR062C"	2506.3298904438	2285.73060126627	2013.29711637107	1468.12838491889	1539.33886222686	1152.98942722882	1551.60316669416	1505.11341956022	1369.06053570643	1371.6952593233	1747.81424546623	1715.23605194073	556.520663971182	689.738954571777	432.908311999437	3338.63536789915	4761.39127397353	2863.29457889956	688.546310781502	372.321513738231	440.112069698088	684.586782436856	875.217215733228	345.593127807278	1321.07729587798	1313.18793706791	1084.39608596772
"YPL222C-A"	268.072963061749	231.200336679807	154.02700268936	476.723057308264	522.028044011298	412.750836974349	367.530582501857	293.155258445767	232.497262572631	373.423133802235	224.302828168166	368.226322563432	1376.35179807084	1233.66611114619	845.737388748436	1369.61545646644	1078.30839171689	922.668045104594	503.16845787879	238.45310430426	220.056034849044	692.051124301432	355.460120675597	159.40642426535	578.232440700544	499.217137433648	860.393098866355
"YOR049C"	1360.92723008905	2097.4424482884	1154.81158869129	629.676356725669	1017.31081821557	621.064052818211	965.634596478935	1839.47900187696	937.279905214403	362.895450096368	489.387988730543	431.53796300418	327.932453639865	346.507812094847	342.150168667459	420.690197944658	718.872261144594	345.427857998443	632.270891150322	449.714187942245	451.339418414876	597.147349166105	377.159721065677	471.843015825435	328.389232941205	447.101062646619	342.732485564979
"YKL120W"	1155.303082286	1515.93857118464	793.590902181218	1384.39482684367	1444.24456957964	1625.81198226047	1106.92583456338	1219.45094727281	691.821122777096	412.437491065155	459.675146557618	343.483842391185	234.375253630844	297.357767826075	311.629731086793	385.896271798859	737.07155889509	490.196031907605	1221.5076378768	878.511436910432	791.52808453355	410.538802551697	407.125835890073	512.651060437365	204.721023080395	181.034786102312	195.507907470092
"YNL009W"	600.117883217779	639.303961273709	524.630044693199	735.73886362095	979.669327376041	636.566431671708	841.679706625714	822.33328087982	634.304378377595	291.059490691626	317.519587926364	292.54344203656	3292.82763743088	3456.0672794992	2732.38233287956	2611.12600303245	1585.61381651197	2773.50166090527	1900.1229922528	717.451006810186	2182.59659054358	4329.31828145426	2647.35124758976	2036.57647641411	1597.65957603965	2093.55758322105	765.40950009546
"YFR052C-A"	11105.9886941179	9290.04989204315	8546.54399186492	1816.45998651182	1711.69726764995	1542.48669592292	4731.08943229984	4000.21121029352	7643.24624520129	2194.71241491728	1966.87363089799	3413.73454376494	1298.22671352723	1674.37817475619	1823.19456073974	9606.28670043554	9413.58676144408	7076.23169050921	6719.94716772331	4605.90996208755	4981.57462563881	4695.0710328185	12347.0726219555	2726.48748063454	1557.55096743615	1802.80474493552	844.562499071206
"YGR043C"	2484.24433382791	3066.03173756062	1358.87782068075	1527.30009929205	2133.67819127198	1162.67841401225	1272.48796017152	1669.0181167743	894.344870662663	779.667869746292	1288.13909890861	1041.36732724955	16579.8790531449	13580.1572314619	7407.63146859148	24719.5029844925	16254.2478034118	19158.8766863327	5031.6845787879	3553.78793169244	4065.42297034892	10311.4551186361	7107.13578490335	2938.17921205893	3001.46087716236	4008.82333164438	1381.21983212676
"YKL187C"	1139.31009301243	1332.02921246207	985.14732684565	526.963192153397	547.78274826992	426.315418471159	809.607462397958	817.650289530846	1055.55377397957	1362.40612664165	1369.12115894854	1211.65380843501	9109.77066067212	6267.449811673	10602.6393816411	2810.40030732202	1988.27327924169	4070.91770049624	615.719297141151	378.596595430448	2082.67318696416	4620.42761417274	1212.07767893161	5669.76769826996	1618.54947635398	2053.09905147849	1557.73101984267
"YLR311C"	67.0182407654372	51.6697722125326	54.7304070469805	32.3769757890858	30.7075320006646	20.3468722452144	31.2054268161954	27.1613498240487	44.5552245348247	128.809306518847	122.929601931125	97.5144806788534	369.406263953142	267.048573860332	161.437051413519	123.360283607832	120.570347597036	132.85686846094	43.0341444238439	35.5587962558985	30.3138415353275	52.2503930520342	21.69960039008	20.4040223059648	176.310758652912	141.261992185895	189.96719754179
"YBL015W"	3420.97656270846	2921.53152713574	2881.94686250243	2014.07118356934	1932.59338494505	1803.12044039733	2143.63945879031	1737.38979046932	2313.63129584472	3635.76653159688	2967.20598405316	4579.54199188078	18000.5981831788	19733.7427739122	14216.0985573099	25964.1766152536	12864.6285973819	19552.8660203893	6177.05488422251	1890.89128325484	7075.47516131977	10439.415264886	4940.27568880822	3750.51435011515	17443.0667624622	24805.1943851475	22498.4484288659
"YDR010C"	101.288932065945	155.885075488658	107.115225220519	59.1717143731569	57.452801807695	40.6937444904288	61.5440362208298	97.4062200586575	113.413298815917	188.259755681392	181.772681528488	242.330761687001	905.672276375979	881.42412721999	728.47465488588	66.424768096525	116.020523159412	83.3791381375551	33.1031880183414	43.9255718455216	129.114510243061	217.532248624795	39.2659435630019	193.838211906665	534.781448046746	607.563713964577	645.096941652327
"YDR345C"	16687.5419505939	13780.0655214271	23384.7392052592	23876.3449732893	17527.0668135406	45192.3410539779	19905.5950390864	13768.9311642531	22909.4863608153	9130.59815054752	10113.4358290161	15176.6007056529	244.984833013311	465.287085744381	6951.43124370153	1439.20330875804	3817.30270316655	1763.78946060213	8342.00338062204	19306.3346730555	17258.6804474464	3684.18587744445	9031.16701949045	24033.3877736382	180.488738715777	226.29348262789	415.553244622665
"YPR150W"	171.353456502538	246.963995998885	134.480428744009	56.9388194911509	68.3490228401889	15.5023788534967	79.7472018636104	73.9912633137879	115.843583790544	160.392357636449	144.485977625208	162.281561129734	1267.36248259642	1156.66437512512	848.146896978488	773.374085695255	805.31892545945	692.688224527381	72.8270136403512	87.8511436910432	214.44236049065	568.356316259882	211.829432379353	247.398770459823	955.921838383559	828.371293983306	597.60514226688
"YLL026W"	43187.9251768998	39549.269713864	28516.8876603503	74851.1022346024	76444.9150673319	53904.677969643	67877.8710471059	92588.3585588332	44429.6598111357	8827.7724251258	17872.5658693891	14741.4241426234	5037.62119223827	6418.99578150171	6186.81396536487	180521.959639087	213675.679976355	75636.7895962108	37284.120665058	26725.5729271538	21001.8785096235	15921.4411971413	35480.9132663894	6633.85775222679	3673.28007127109	3687.89802900846	3660.03467263848
"YER067W"	32757.4498868608	28999.0028351456	22217.4178092428	5139.00757093662	5887.92161974033	3457.03048432976	13584.7624739837	11610.0721523761	10580.6506845336	1689.38359703565	2287.3062425668	2437.13429696627	4552.47406229459	5819.36524142268	4198.96967557153	22233.3188071654	22901.5413067805	20478.2828282896	13539.2038995017	11723.9442949595	9160.39381802729	9321.89665430373	21079.6118075063	3671.44876367953	1325.25527594084	1955.03854233974	880.181348610292
"YER084W"	105.858357572679	139.24565731852	100.860321558007	77.0348734292042	64.3867606465548	31.0047577069934	119.620802795416	93.6598269794784	148.247383452235	130.047857543067	94.964574003665	217.588281514755	698.303224809594	637.312240685086	426.482956719297	676.90001774554	580.102615797062	482.865997785622	125.792114469698	81.5760619988258	160.551086650068	338.028053010099	224.229204030827	167.057932630086	534.781448046746	679.566185709815	759.868790167158
"YOR294W"	22.8471275336718	28.024283233916	47.6936404266545	131.740798038349	91.1320304535852	312.954273104964	39.0067835202442	21.54176020528	52.6561744502474	32.2023266297118	19.8085614486172	30.564240212775	157.214676303817	193.323507457173	710.001758455477	178.714257021603	229.766134100013	203.408446885025	182.067534100878	1296.85021639159	1422.50508241703	125.827477145715	468.091379843155	2092.68753775551	133.695362011687	165.262816100974	316.611995902983
"YPL262W"	2563.44770927797	2548.45825658424	2878.81941067118	2391.43041862834	2325.84790766324	3261.31295130437	2405.41831708173	2120.45848281539	2614.98663269844	3391.1527043135	2440.53129141934	2939.98882046692	9997.11729993293	8973.97891607341	6798.02588638819	4860.07886572908	3633.03481344277	4597.76390301376	3959.14128699364	4566.16777803684	5633.88358608419	6226.32744960873	5318.46872417818	4819.17501839005	4079.37973338159	3779.10115988576	4036.80294776303
"YGL209W"	4296.02154724808	4322.74568883154	3043.01063181212	7041.43401040567	6457.49681007524	6519.7192065737	4323.68524886618	4759.79240709709	3820.40798011333	3737.3277155829	4886.88863032357	4602.10131203783	939.430028956553	881.42412721999	842.524711108366	1061.21474744686	2902.78799120412	965.731995571243	655.443122763161	401.605228301912	659.045369675453	752.832193770125	347.19360624128	638.900948455522	1262.58557499787	994.319847910425	1239.53596396018
"YNL133C"	273.403959486272	299.509527062477	264.269679741135	228.871725405607	239.716862714865	239.317973550855	234.907518533026	224.783584750748	322.417806633822	551.77448128987	425.301466396782	455.55272317136	1209.49204960115	1050.99177994726	723.655638425775	1181.41194685962	1260.30136922185	957.485707184012	804.407468845697	755.101496963491	430.007455852979	650.464076770222	638.588240050926	450.163742125348	1209.10743019319	1259.01464880244	1017.90756682809
"YOR028C"	4487.93741853093	3610.75374291986	2918.69442151969	688.848071098826	837.027888405212	605.561673964714	2350.80882015338	1975.2857509972	1702.81967222185	862.65078836901	1069.07971347684	838.333445836113	486.11163716027	455.457076890627	355.804048637756	251.465193508273	582.377528015874	362.836689038152	2022.60478792066	6685.05369610891	607.399565578228	776.291553915937	2223.69238283106	367.272401507366	742.844855177433	656.251099620881	546.155692932645
"YCR051W"	1027.35916809744	1033.39544425065	1115.71844080059	1980.57776033925	1531.41433783959	2304.04105710094	1327.09745709986	940.344662873963	1251.5967619328	1401.42048390457	810.985809896329	1493.28145039558	3450.04231373469	3416.74724408418	3970.06639371654	1505.62807685457	1462.76855669612	1587.86864167454	2807.15034395535	5509.52172576685	3812.80762422119	2564.534597758	3621.76663653478	4626.61205787751	4071.02377325586	4427.1234055929	4498.26493179163
"YNL150W"	529.291787863396	556.106870423021	617.671736673066	1163.33823352508	1096.55606208825	1467.88149769047	657.047597963225	549.783184369538	694.251407751723	821.159329057651	541.239811346042	786.665325476422	2142.17052804159	1757.11408260862	2218.35391046836	827.146517011489	939.538746369359	799.889973561381	1943.15713667664	3543.32946220541	1780.65750648257	1470.47534732153	2024.26272210318	2403.84887792147	2215.16502933113	1583.36864056908	1909.17033529499
"YGL055W"	1002.2273278104	865.249744847157	2101.64763060405	2760.97452160032	2677.49867734827	9708.3647570023	1945.13827154285	1259.72467287398	1211.09201235569	2052.89832264413	1609.15431532591	1726.87957202179	7557.87854918229	5083.75291220005	12067.6203855131	3819.42416555019	3239.4749995883	3579.80541432338	3062.04489169658	6825.1971872351	9746.46142104362	2166.7918098313	4694.34688438731	11766.7446135711	1639.43937666831	1725.31637058112	5186.10449289086
"YDR070C"	4538.96267002279	4012.72705555635	1985.15004988977	1828.74090836285	2214.90456624148	1081.29092503139	2110.70039715099	2061.45279181832	1004.51778951241	513.379399539059	693.299650701603	726.264565055938	17958.1598656489	17241.8355294855	8335.2921371617	11167.2687507039	8160.11012887867	9301.81330079626	1393.64421557217	886.878212500055	1319.21347422258	4403.96170010002	2632.88484732971	1680.78133745385	1763.94318254169	1724.63063275498	1636.09248882866
"YGR059W"	175.922882009273	139.24565731852	112.588265925217	138.439482684367	130.754652389927	111.423348009507	201.968456893709	201.368628005879	127.184913672136	105.276837058673	178.277053037555	157.187521094271	30.8642309308108	39.3200354150181	27.3077599405953	41.120094535944	97.8212254089163	25.65511942694	39.7238256220097	31.3754084610869	28.0683717919699	37.3217093228816	35.1326863458438	35.7070390354383	55.1493368298207	55.5447639177548	59.3647492318092
"YOL031C"	700.645244365935	707.613151656379	745.115398796749	513.565822861361	424.952620267261	586.183700397843	674.383946194444	623.774447683326	711.263402574111	621.133338646172	659.508575289256	611.284804255499	243.055818580135	239.196882108027	263.439566485743	360.591598238278	323.037535071305	388.491808465092	327.72156138158	389.055064917477	455.830357901591	338.028053010099	336.860463198385	527.954077166838	301.650160538868	285.26693567637	290.491506240987
"YOL150C"	225.424991665562	310.018633275196	79.7500216970288	121.692771069323	125.801824647884	138.552511003127	123.954889853221	110.518595835785	145.007003486066	398.194154286629	274.989441286686	245.969361712332	1226.85317949973	1021.50175338599	517.241100051275	529.816602674663	677.923841205978	316.107721510511	513.099414284292	642.150026503578	316.61123381342	463.855530155814	337.893777502675	337.941619442541	318.362080790329	255.094471325985	290.491506240987
"YBR116C"	192.677442200632	115.600168339904	62.5490366251206	65.8703990191746	97.0754237440364	73.6362995541092	24.2708875237075	30.9077429032279	29.9735146870639	8.05058165742795	23.3041899395497	26.9256401874446	1866.32146409746	588.162196416313	415.238584979052	578.844407698289	409.484199386161	347.260366528939	66.2063760366829	92.0345314858548	24.7001671769335	90.6384369269981	22.7329146943695	24.2297764883331	24.2322843646182	39.772793916417	23.7458996927237
"YOL134C"	67.7798116832263	61.3031195741912	52.3848181735385	16.7467116150444	21.7924420649878	23.253568280245	34.6726964624393	67.4350754252244	57.516744399501	29.7252245812724	38.451913400257	37.1137202583696	7.7160577327027	0	10.4412023302276	25.3046735605809	4.54982443762401	40.3151876709058	9.93095640550244	0	7.85914410175157	5.33167276041165	14.4664002600533	6.37625697061399	6.68476810058433	8.22885391374145	1.58305997951491
"YJR019C"	2156.76883917862	2212.16685777724	1509.77737153885	2264.155410354	2259.48001591987	1635.5009690439	2658.52900125753	1964.98317002946	2000.12453411786	2046.70556752303	1529.33746478295	2222.45689547178	8120.186256453	10888.3731403421	8675.03279759911	4584.89054075776	4019.76989064081	4913.87162452427	2174.87945280503	1240.37448116163	4419.08445492774	7696.80279693026	2784.78205006027	4593.45552163032	5433.88086976249	6301.24488444752	4182.4444658784
"YHR137W"	1931.34384751305	3008.23165339067	1792.81176226752	596.182933495581	629.00912323942	376.901585875638	2159.24217219841	2356.48124680368	2831.28199544022	3031.97290728979	3529.4195663448	2884.6821000819	13668.9962734828	14487.7947156252	8959.3547687453	9840.35493087091	6626.81929339938	10185.9986667604	13933.1318369199	3924.01775153327	18321.9103709263	26054.8184455797	25657.1941755089	9231.54484205493	12066.8420175673	15800.7709900359	8417.12991108079
"YPL275W"	1699.06471758739	2407.4610815636	1058.64244488017	100.480269690266	96.0848581956279	77.5118942674834	1288.95749099118	1321.54015868044	1355.28892085021	227.274112944312	231.294085150031	195.756681362773	16114.022067533	11524.0470462182	21757.0561479643	2519.39656137534	1567.41451876147	1927.7989740815	39.7238256220097	108.768082665101	502.9852225121	4675.87701088102	419.525607541547	5081.87680557935	343.42996116752	634.307489184237	368.852975226975
"YMR186W"	17394.2797623021	16508.0543424786	15914.0386433463	33102.6666257378	35054.1336270812	36149.6096889976	31470.672944133	41518.464701733	23175.1975180412	9572.76086619394	14956.629103203	10773.1669549981	2686.15259819713	3239.8070847166	4884.87635172649	34513.9931945349	42804.7483091667	15751.3270738759	13731.202390008	19701.6648196651	11595.6057546986	7011.14967994132	17814.3386059514	12169.7240541139	8091.07618974476	6746.97447144185	6899.76692071575
"YPR009W"	654.189418380802	787.307207102828	810.791887253126	598.415828377586	696.3675805312	588.12149775453	878.952855322836	847.62143416428	833.587746296993	555.490134362529	551.14409207035	440.998323070039	188.078907234628	201.515181501968	229.706451265007	80.6586469743517	193.367538599021	104.452986238256	158.895302488039	246.819879893883	269.456369202911	178.077870197749	193.229774902141	332.84061386605	330.896020978924	327.782680897368	303.155986077106
"YHR040W"	277.973384993007	279.3670734881	358.093234678816	785.978998466083	662.68835188531	1129.73585894857	355.395138740003	306.267634222894	453.65319526367	226.035561920092	141.572953882764	336.934362345591	988.619897002533	869.955783557276	1479.43805325225	994.789979350338	921.339448618863	938.244367613808	1108.95679861444	2250.66263360863	1411.27773370025	632.336389384822	1214.14430754019	1763.67267807183	698.558266511062	893.516387467093	1218.16465423673
"YGR129W"	271.880817650694	253.094307956304	249.414283542668	324.886205331861	348.679073039804	355.58581495208	270.447032407027	215.4176020528	260.85058727661	271.242674304111	242.946180119806	328.201722284798	842.97930729777	763.464020974936	718.033452555652	1073.86708422715	932.714009712923	804.47124488762	476.685907464117	525.015168248854	488.389669180276	433.998162697508	337.893777502675	538.156088319821	739.502471127141	960.032956603169	804.194469593576
"YFL002W-B"	0	0	0	0	0	0	0	0	0	92.2720513043665	0	163.0092811348	334.68400415598	382.551177891947	133.326122062906	132.84953619305	118.295435378224	0	390.617618616429	133.868409433971	0	212.200575864384	352.360177762728	0	249.007611746766	368.24121263993	261.996426609718
"YGR161W-A"	0	0	0	0	0	0	0	0	0	92.2720513043665	0	163.0092811348	334.68400415598	382.551177891947	133.326122062906	132.84953619305	118.295435378224	0	390.617618616429	133.868409433971	0	212.200575864384	352.360177762728	0	249.007611746766	368.24121263993	261.996426609718
"YER062C"	4559.5250848031	5071.51950648774	3330.73620028767	3195.27257615047	3365.9417334922	2155.79955931438	4666.07812643277	4712.96249360735	3473.68732373324	2538.41032413824	1996.58647307092	2351.26333636847	608.604053666925	651.238086561238	1346.91510059936	3163.08419507262	4686.31917075273	1748.21313809291	1291.02433271532	861.777885731186	1388.82303626667	1329.71918644667	986.815160596496	2898.64641884112	367.662245532138	408.699744382492	375.976745134792
"YKL030W"	145.46004529771	156.760834339718	176.701028465966	334.934232300888	331.839458716859	566.805726830973	161.228038550343	132.060356041065	201.713652894025	296.013694788505	241.198365874339	449.003243125765	533.372490773074	713.494809301683	746.144381906265	776.537169890327	768.920329958458	442.550810114716	1509.50537363637	2767.31102626786	970.042929130479	828.541946967971	1365.00819596646	1131.14798658692	774.597503655209	950.432627037138	907.093368262045
"YPR006C"	1120.27082006771	1296.99885841967	1115.71844080059	860.780977013282	957.876885311053	835.190660732134	1160.66851408016	1212.89475938425	1358.52930081638	1021.80459498124	1181.52242993517	1197.09940833369	5575.81621909429	4275.23468397874	3952.39666669616	2369.15006210939	1660.68591973276	2371.26603846146	1039.44010377592	709.084231220563	2143.30087003482	2791.66385735154	1553.07139934716	2049.32899035534	4691.87161059762	4744.62001909809	4098.54228696411
"YPL201C"	843.059005992489	1117.4682939524	745.115398796749	375.126340176994	484.386553171773	322.6432598884	858.149237445373	1015.27252445755	1010.18845445321	466.314460618711	974.115139473177	740.091245152194	7517.3692460856	6215.84226519078	6071.96073973236	2073.4016898701	1701.63433967138	2104.63604727433	1105.6464798126	248.911573791289	3553.45586886339	5373.25980794286	986.815160596496	2939.45446345305	12280.754596786	8466.80493941381	7692.08844046296
"YJL211C"	103.573644819312	108.594097531424	88.3505142329829	138.439482684367	96.0848581956279	83.3252863375447	99.684002329513	82.420647741941	177.410803147757	473.12649125192	205.659476216526	464.285363232153	554.591649538006	576.693852753599	361.426234507879	314.726877409725	266.164729601005	370.166723160135	125.792114469697	79.4843681014201	203.215011773862	342.293391218428	129.164288036191	201.489720271402	375.182609645295	534.189766567049	482.041763762291
"YHR160C"	430.287568550819	447.512772891596	340.110386649093	106.062506895281	159.481053293774	104.641057261103	270.447032407027	338.111975395917	324.848091608449	295.394419276395	464.335984545528	286.721681996032	1973.38176513871	2396.06465810267	1634.44974938563	2027.53696904155	1310.34943803572	1764.70571486738	1128.81871142544	246.819879893883	1314.72253473587	2911.09332718476	1539.63831339139	1132.42323798104	1400.45891707242	1697.20111970917	980.705657309489
"YHL028W"	626.772865340396	662.949450252325	578.578588782366	358.37962856195	387.311129427737	296.482995573124	758.46523511586	649.062600967785	803.614231609929	702.877706244671	752.142730298966	832.511685795585	108.024808257838	94.2042515151476	213.643063064657	458.647208285529	766.645417739646	331.684044019725	175.44689649721	165.243817895058	181.883049211965	142.888829979032	480.491151494629	590.441395478855	228.953307445013	394.299250033445	269.911726507293
"YNL299W"	60.1641025053357	66.5576726805505	103.205910431449	194.261854734515	201.084806326933	359.461409665454	144.758507730684	141.426338739012	197.663177936313	60.6890001867646	56.512660603408	58.2176004052856	283.565121676824	271.963578287209	399.978366188719	346.357719360452	443.607882668341	296.866381940306	221.791359722888	782.293517629766	553.508291737646	221.797586833125	445.358465148785	739.645808591222	340.087577117228	319.553826983626	414.761714632907
"YJR146W"	219.332424323249	324.030774892154	215.794176356666	203.193434262539	132.735783486744	124.019030827973	199.368004659026	202.305226275673	291.634196955216	310.876307079141	270.328603298776	323.107682249335	1438.08025993247	1490.88467615277	848.146896978488	725.927822769166	486.831214825769	711.013309832338	456.823994653112	110.859776562507	481.653259950203	1164.4373308739	685.087383743955	433.585474001751	660.120849932702	987.462469648974	678.34120122214
